Baseline
[512, 235, 255, 999, 999, 276, 999, 410, 999, 490, 999, 999, 357, 207, 581, 999, 278, 331, 999, 208, 999, 999, 255, 363, 236, 309, 266, 999, 999, 263, 999, 999, 999, 237, 218, 999, 286, 331, 999, 235, 401, 999, 999, 257, 244, 999, 999, 999, 999, 999, 242, 250, 240, 999, 999, 284, 999, 999, 558, 271, 999, 260, 999, 230, 999, 403, 487, 999, 233, 999, 286, 999, 245, 999, 999, 197, 999, 999, 999, 999, 999, 999, 999, 999, 215, 999, 999, 999, 999, 216, 999, 270, 270, 999, 423, 225, 285, 999, 999, 999]
BEST:   197
AVG:    670.78
STDEV:  356.4322248466


[207, 472, 220, 174, 312, 198, 255, 163, 253, 235, 325, 361, 580, 267, 281, 302, 207, 327, 277, 268, 193, 291, 327, 192, 190, 314, 231, 250, 173, 417, 260, 267, 164, 227, 257, 212, 333, 215, 250, 325, 386, 273, 252, 295, 232, 185, 218, 295, 307, 351]
Avg: 271.32
Std: 78.8460373132

With pre-training 200, same lr
[999, 851, 819, 999, 609, 999, 999, 966, 735, 393, 813, 358, 671, 999, 787, 999, 655, 628, 273, 999, 450, 475, 999, 596, 999, 999, 999, 999, 498, 999, 905, 999, 498, 500, 999, 398, 999, 757, 850, 709, 731, 663, 540, 999, 999, 999, 999, 999, 922, 915]
Avg: 798.88
Std: 221.619461239



[220, 224, 452, 284, 265] - 0.01

[220, 184, 185, 191, 285] - lr 0.001

[256, 157, 314, 916, 123, 181, 433, 260, 449, 139] - lr 0.001, pre-training 100 games (max 25 steps)
[140, 171, 215, 149, 460, 139, 143, 343, 270, 222] - lr 0.001, pre-training 100 games (max 25 steps), keeping ER
[150, 226, 135, 140, 145, 137, 142, 161, 138, 133] - lr 0.001, pre-training 200 games
Avg: 150.7
Std: 26.2832646374
[331, 207, 158, 277, 387, 999, 421, 166, 185, 163] - lr 0.001, pre-training 100 games (no explore in real life)
[209, 99, 99, 99, 365, 99, 99, 99, 113, 140] - lr 0.01, pre-training 200 games (no explore in real life), keeping ER
Avg: 142.1
Std: 81.3368919986

[475, 199, 160, 999, 158] - lr 0.001, pre-training 350 games (max 3 steps)

[196, 214, 246, 225, 210] - lr 0.0005

[196, 464, 179, 222, 999] - lr 0.001, im rollouts until 2000 experiences t+1

[827, 239, 219, 167, 999] - lr 0.0005, im rollouts until 1500 experiences t+1

[594, 172, 851, 226, 999] - lr 0.0005, im rollouts until 1500 experiences t+1, pre-training 100 games (max 3 steps)

[258, 169, 173, 143, 488] - lr 0.001, pre-training 100 games (max 3 steps), model-based exploration (mse)


lr 0.001,
[238, 233, 272, 222, 215, 233, 227, 329, 217, 257]
Avg: 244.3
Std: 32.8604625652
Avg(5): 222
Std(5): 6.0827625303

Model based exploration
[401, 141, 176, 251, 203, 251, 329, 259, 999, 203]
Avg: 321.3
Std: 236.867916781
Avg(5): 194.8
Std(5): 40.4376062595

