Normal actor critic agent, no pretraining --- BASELINE
[193, 235, 217, 509, 907, 157, 185, 207, 539, 177, 183, 231, 177, 201, 227, 215, 301, 945, 195, 175, 999, 241, 393, 219, 473, 251, 595, 289, 201, 221, 501, 205, 213, 181, 463, 191, 261, 175, 403, 469, 203, 185, 211, 563, 449, 463, 305, 493, 213, 175, 197, 219, 149, 247, 213, 209, 217, 189, 233, 261, 219, 179, 205, 207, 323, 179, 183, 317, 173, 251, 209, 221, 169, 165, 251, 193, 247, 227, 431, 999, 181, 163, 999, 203, 999, 249, 327, 267, 397, 449, 237, 189, 203, 341, 999, 417, 193, 185, 999, 239]
BEST:   149
AVG:    320.98
STDEV:  221.8346813701

Random agent transition model (pretraining 200, lr 0.001, w_init(-0.2,0.2))
[213, 601, 201, 195, 141, 193, 187, 665, 209, 249, 481, 767, 277, 149, 183, 209, 251, 999, 291, 325]
339.3

lr 0.01
[237, 165, 157, 999, 191, 237, 161, 351, 193, 197, 263, 851, 569, 349, 857, 999, 163, 999, 999, 999]

lr 0.0001
[625, 999, 999, 949, 273, 507, 195, 311, 905, 307, 159, 251, 239, 265, 999, 277, 153, 289, 999, 999]

lr 0.001 pretraining 500
[325, 543, 481, 999, 999, 999, 851, 407, 999, 999, 999, 903, 167, 171, 253, 339, 249, 211, 999, 757]

lr 0.001 pretraining 100
[363, 181, 211, 173, 249, 205, 249, 311, 613, 505, 237, 491, 305, 345, 225, 221, 155, 209, 153, 433, 313, 253, 277, 999, 321, 157, 271, 231, 145, 243, 217, 207, 473, 999, 259, 183, 191, 269, 871, 547, 181, 237, 205, 283, 175, 345, 169, 361, 253, 179, 227, 281, 521, 309, 165, 189, 303, 179, 163, 197, 999, 539, 347, 211, 255, 193, 217, 203, 193, 169, 199, 265, 999, 189, 671, 157, 999, 163, 999, 263, 677, 347, 269, 283, 315, 195, 151, 269, 275, 999, 185, 175, 433, 185, 185, 239, 415, 273, 221, 427]
329.3

Actor critic transition model (pretraining 200, lr 0.001, w_init(-0.2,0.2))
[999, 999, 527, 999, 277, 999, 999, 131, 999, 999, 999, 999, 665, 577, 991, 999, 999, 999, 999, 999]
857.7

Random agent transition model (pretraining 200, lr 0.001, w_init(-0.2,0.2)) - corrected scaling
[237, 361, 195, 999, 777, 213, 337, 999, 381, 167, 435, 383, 517, 525, 999, 153, 181, 153, 999, 999, 999, 255, 259, 211, 217, 161, 171, 165, 999, 799, 585, 177, 139, 185, 651, 999, 259, 155, 181, 999, 999, 225, 999, 385, 999, 373, 999, 173, 999, 703, 705, 731, 179, 999, 999, 167, 935, 475, 577, 233, 999, 199, 131, 133, 999, 999, 999, 505, 999, 381, 223, 777, 247, 999, 203, 999, 181, 393, 467, 999, 285, 215, 195, 301, 687, 183, 999, 451, 299, 127, 199, 289, 613, 447, 631, 605, 241, 389, 999, 613]
520.3

Random agent transition model (pretraining 200, lr 0.001, w_init(-0.2,0.2)) - env scaling
[165, 211, 257, 999, 293, 395, 159, 171, 167, 181, 159, 201, 663, 271, 225, 355, 159, 169, 235, 193, 163, 261, 241, 861, 185, 967, 189, 191, 189, 275, 187, 239, 191, 281, 149, 189, 999, 463, 205, 533, 751, 271, 157, 191, 149, 999, 483, 153, 375, 229, 557, 267, 195, 475, 179, 321, 193, 203, 337, 147, 169, 331, 205, 259, 227, 175, 171, 485, 151, 167, 209, 197, 317, 163, 233, 637, 567, 179, 157, 201, 265, 803, 173, 181, 197, 257, 283, 231, 573, 201, 375, 999, 155, 451, 229, 303, 175, 211, 167, 193]
308.4

Random agent transition model (pretraining 200, lr 0.01, imagination_lr = 0.0001 w_init(-0.2,0.2)) - env scaling
[149, 265, 201, 415, 251, 199, 229, 137, 221, 189, 185, 213, 247, 235, 289, 133, 673, 719, 263, 157, 177, 181, 177, 455, 635, 179, 339, 315, 177, 937, 571, 137, 311, 129, 159, 253, 491, 641, 183, 357, 229, 207, 859, 151, 213, 243, 999, 199, 367, 405, 165, 337, 257, 349, 445, 177, 185, 231, 223, 177, 201, 999, 245, 569, 225, 333, 147, 199, 217, 157, 157, 267, 209, 185, 143, 351, 173, 337, 179, 159, 225, 181, 141, 231, 421, 243, 189, 797, 555, 493, 353, 167, 199, 167, 265, 189, 145, 245, 303, 421]
299.74

Random agent transition model (pretraining 200, lr 0.01, imagination_lr = 0.001 w_init(-0.2,0.2)) - env scaling
[311, 147, 231, 337, 149, 177, 759, 189, 259, 187, 425, 219, 229, 337, 451, 157, 205, 183, 207, 195, 163, 193, 219, 347, 173, 171, 495, 195, 229, 231, 215, 155, 231, 303, 391, 185, 211, 179, 177, 191, 287, 999, 185, 165, 179, 245, 135, 169, 151, 211, 163, 193, 999, 213, 313, 291, 151, 525, 251, 463, 195, 205, 225, 137, 149, 999, 171, 251, 595, 267, 161, 409, 445, 249, 999, 187, 437, 197, 529, 167, 563, 329, 151, 281, 171, 195, 351, 417, 231, 153, 139, 409, 263, 167, 177, 279, 255, 183, 199, 139]
BEST:   135
AVG:    283.22
STDEV:  187.4961860892
3/100 not solved within 1000 episodes

Random agent transition model (pretraining 200, lr 0.01, imagination_lr = 0.001 w_init(-0.2,0.2)) - env scaling + avg_reward from 5 imagination rollout steps
[213, 489, 829, 211, 999, 281, 157, 211, 237, 509, 429, 355, 319, 133, 197, 215, 223, 875, 197, 199, 151, 149, 313, 501, 219, 133, 491, 999, 445, 429, 999, 969, 161, 489, 185, 351, 401, 121, 213, 569, 333, 673, 999, 263, 225, 291, 799, 323, 167, 183, 373, 605, 327, 533, 193, 187, 731, 545, 199, 249, 217, 229, 999, 671, 241, 171, 327, 199, 151, 267, 285, 999, 215, 563, 163, 999, 317, 999, 697, 203, 155, 245, 909, 175, 147, 163, 321, 133, 183, 577, 999, 375, 145, 267, 263, 235, 237, 301, 999, 165]
396.7
276.6545269334


Normal actor critic agent, no pretraining, action uncertainty 0.3 --- BASELINE NON-DISCRETE
[439, 533, 999, 999, 999, 341, 999, 999, 999, 999, 389, 999, 493, 999, 999, 303, 999, 999, 591, 999, 999, 999, 397, 693, 369, 999, 385, 999, 999, 301, 999, 999, 901, 999, 999, 999, 999, 999, 999, 999, 999, 217, 999, 999, 999, 301, 999, 221, 219, 293, 999, 999, 999, 649, 999, 999, 999, 487, 999, 999, 351, 999, 627, 545, 999, 999, 999, 999, 575, 999, 999, 999, 999, 999, 999, 999, 999, 999, 493, 999, 999, 999, 999, 999, 999, 999, 999, 493, 999, 999, 999, 217, 243, 269, 269, 999, 999, 999, 219, 999]
BEST:   817.54
AVG:    287.5481661892
STDEV:  217


Random agent transition model (pretraining 200, lr 0.01, imagination_lr = 0.001 w_init(-0.2,0.2)) - env scaling + action uncertainty 0.3
[999, 999, 669, 289, 999, 999, 999, 479, 473, 847, 813, 821, 427, 393, 497, 353, 753, 999, 887, 999, 367, 999, 743, 969, 999, 507, 633, 441, 865, 341, 607, 553, 253, 407, 415, 999, 605, 809, 741, 999, 583, 999, 497, 999, 347, 835, 269, 623, 259, 999, 717, 767, 999, 315, 293, 999, 999, 839, 999, 997, 999, 585, 999, 999, 923, 835, 681, 299, 999, 445, 999, 497, 809, 255, 999, 463, 475, 391, 871, 969, 999, 833, 999, 999, 991, 411, 903, 999, 417, 651, 545, 307, 999, 393, 717, 999, 273, 651, 833, 861]
BEST:   715.52
AVG:    263.9736166798
STDEV:  253
