All fixed with 0.0005 lr, batch_size=128, [64,64,128,64,64], w_init(-0.2,0.2)

Random training/test set
Total nr of batches: 17311
1 epoch
Testing Accuracy: 1.08122e-05
[[ 0.01717685  0.05974278 -0.06952392 -0.08521423]
 [ 0.01880972  0.00167233 -0.09260862 -0.00775018]
 [ 0.01885543  0.05993027 -0.09470816 -0.08897697]
 [ 0.02049343  0.00189024 -0.1188122  -0.01211296]
 [ 0.02054509 -0.05611927 -0.12209363  0.06417144]]
[[ 0.01834505  0.05850279 -0.06674491 -0.08440772]
 [ 0.02056519  0.00076783 -0.08851956 -0.00264501]
 [ 0.02001127  0.05868093 -0.09185804 -0.08819199]
 [ 0.02215652  0.00107652 -0.11466297 -0.0070703 ]
 [ 0.02226219 -0.0571859  -0.11829147  0.06966648]]

20 epochs
Test accuracy: 3.39164e-06
[[ 0.01717685  0.05974278 -0.06952392 -0.08521423]
 [ 0.01880972  0.00167233 -0.09260862 -0.00775018]
 [ 0.01885543  0.05993027 -0.09470816 -0.08897697]
 [ 0.02049343  0.00189024 -0.1188122  -0.01211296]
 [ 0.02054509 -0.05611927 -0.12209363  0.06417144]]
[[ 0.01872511  0.05862337 -0.06861024 -0.08558524]
 [ 0.01976936  0.00050806 -0.09122704 -0.00445098]
 [ 0.02043654  0.05879238 -0.09381556 -0.08931667]
 [ 0.02146904  0.0006811  -0.11741506 -0.00879295]
 [ 0.02160404 -0.05733454 -0.1212729   0.06739936]]

50 epochs
Test accuracy: 6.11546e-06
[[ 0.01717685  0.05974278 -0.06952392 -0.08521423]
 [ 0.01880972  0.00167233 -0.09260862 -0.00775018]
 [ 0.01885543  0.05993027 -0.09470816 -0.08897697]
 [ 0.02049343  0.00189024 -0.1188122  -0.01211296]
 [ 0.02054509 -0.05611927 -0.12209363  0.06417144]]
[[  1.67304762e-02   5.81830889e-02  -6.78296611e-02  -8.37433487e-02]
 [  1.83853060e-02  -1.84774399e-05  -9.03101936e-02  -2.35003908e-03]
 [  1.83735080e-02   5.83159141e-02  -9.28688571e-02  -8.74956995e-02]
 [  2.00242158e-02   1.51872635e-04  -1.16404817e-01  -6.70390204e-03]
 [  2.02445146e-02  -5.80678470e-02  -1.20150425e-01   6.98224008e-02]]

100 epochs
Test accuracy: 3.81046e-06
[[ 0.01717685  0.05974278 -0.06952392 -0.08521423]
 [ 0.01880972  0.00167233 -0.09260862 -0.00775018]
 [ 0.01885543  0.05993027 -0.09470816 -0.08897697]
 [ 0.02049343  0.00189024 -0.1188122  -0.01211296]
 [ 0.02054509 -0.05611927 -0.12209363  0.06417144]]
[[ 0.01793186  0.06255701 -0.0702341  -0.08689724]
 [ 0.01918295  0.00417752 -0.0924946  -0.00494762]
 [ 0.01961769  0.06274837 -0.09542087 -0.09067074]
 [ 0.02087789  0.00440349 -0.11861994 -0.00930652]
 [ 0.0208133  -0.05359152 -0.12240684  0.06692452]]

Actor_critic training/test set
1 epoch
Test accuracy: 1.71224e-05
[[-0.00540106 -0.06216783  0.06115142  0.11264046]
 [-0.00698747 -0.12594877  0.09332716  0.21182564]
 [-0.01020145 -0.06231739  0.15383516  0.11606045]
 [-0.01179168 -0.12618428  0.18698782  0.21724211]
 [-0.01501167 -0.19007727  0.24904303  0.31912149]]
[[-0.00596492 -0.06476884  0.05733741  0.1124024 ]
 [-0.00804478 -0.12910891  0.08966436  0.21200013]
 [-0.0098987  -0.06462394  0.14945711  0.11539892]
 [-0.01275053 -0.12944676  0.18320993  0.21781492]
 [-0.01650648 -0.19385357  0.24498242  0.31955901]]

20 epochs
Test accuracy: 4.93961e-06
[[-0.00540106 -0.06216783  0.06115142  0.11264046]
 [-0.00698747 -0.12594877  0.09332716  0.21182564]
 [-0.01020145 -0.06231739  0.15383516  0.11606045]
 [-0.01179168 -0.12618428  0.18698782  0.21724211]
 [-0.01501167 -0.19007727  0.24904303  0.31912149]]
[[-0.00655308 -0.06421628  0.05943339  0.11340159]
 [-0.00766393 -0.12779795  0.09228338  0.21320629]
 [-0.01112046 -0.06430793  0.1525165   0.11776434]
 [-0.01243325 -0.1282135   0.18649489  0.21896537]
 [-0.01493307 -0.19269206  0.24956773  0.3222262 ]]

50 epochs
Test accuracy: 3.26558e-06
[[-0.00540106 -0.06216783  0.06115142  0.11264046]
 [-0.00698747 -0.12594877  0.09332716  0.21182564]
 [-0.01020145 -0.06231739  0.15383516  0.11606045]
 [-0.01179168 -0.12618428  0.18698782  0.21724211]
 [-0.01501167 -0.19007727  0.24904303  0.31912149]]
[[-0.00524814 -0.06170286  0.06033688  0.11270572]
 [-0.00711    -0.1254257   0.09327542  0.21219288]
 [-0.01017106 -0.06178908  0.1533964   0.1159924 ]
 [-0.01208592 -0.12596411  0.18743101  0.21814068]
 [-0.01515797 -0.18996251  0.2504425   0.32096252]]

100 epochs
Test accuracy: 1.93999e-06
Final test accuracy: 1.93999e-06
[[-0.00540106 -0.06216783  0.06115142  0.11264046]
 [-0.00698747 -0.12594877  0.09332716  0.21182564]
 [-0.01020145 -0.06231739  0.15383516  0.11606045]
 [-0.01179168 -0.12618428  0.18698782  0.21724211]
 [-0.01501167 -0.19007727  0.24904303  0.31912149]]
[[-0.00637204 -0.06193503  0.05989416  0.11108793]
 [-0.00788929 -0.12540983  0.09214743  0.20997812]
 [-0.01121477 -0.06223971  0.15231004  0.11444849]
 [-0.01273444 -0.12569255  0.18560667  0.21532503]
 [-0.01538254 -0.18930426  0.24720897  0.31676513]]


